701
707
708
708
702
254
216
526
466
354
661
526
580
526
542
351
542
466
360
722
357
357
354
528
661
563
663
351
351
371
56
408
465
270
458
429
439
428
677
351
510
707
580
563
354
563
354
469
663
669
708
500
500
500
297
429
450
428
500
500
510
563
256
256
256
256
500
500
458
275
275
275
275
275
275
677
620
466
360
528
661
371
261
680
680
408
292
292
292
292
292
323
270
323
216
297
552
552
552
552
552
439
620
357
357
469
669
56
17
17
17
17
17
17
17
17
403
216
392
392
261
465
653
56
56
56
403
653
450
2
2
2
2
2